
1.0,0.8471,0.13533,0.73638,-0.06151,0.87873,0.0826,0.88928,-0.09139,0.78735,0.06678,0.80668,-0.00351,0.79262,-0.01054,0.85764,-0.04569,0.8717,-0.03515,0.81722,-0.0949,0.71002,0.04394,0.86467,-0.15114,0.81147,-0.04822,0.78207,-0.00703,0.75747,-0.06678,0.85764,-0.06151;1.0,0.0
1.0,0.90608,-0.01657,0.98122,-0.01989,0.95691,-0.03646,0.85746,0.0011,0.89724,-0.03315,0.89061,-0.01436,0.90608,-0.0453,0.91381,-0.00884,0.80773,-0.12928,0.88729,0.01215,0.92155,-0.0232,0.9105,-0.02099,0.89147,-0.0776,0.82983,-0.17238,0.96022,-0.03757,0.87403,-0.16243;1.0,0.0
1.0,0.94701,-0.00034,0.93207,-0.03227,0.95177,-0.03431,0.95584,0.02446,0.94124,0.01766,0.92595,0.04688,0.93954,-0.01461,0.94837,0.02004,0.93784,0.01393,0.91406,0.07677,0.8947,0.06148,0.93988,0.03193,0.92489,0.02542,0.9212,0.02242,0.92459,0.00442,0.92697,-0.00577;1.0,0.0
1.0,0.95113,0.00419,0.95183,-0.02723,0.93438,-0.0192,0.9459,0.01606,0.9651,0.03281,0.94171,0.0733,0.94625,-0.01326,0.97173,0.0014,0.94834,0.06038,0.9267,0.08412,0.93124,0.10087,0.9452,0.01361,0.93522,0.04925,0.93159,0.08168,0.94066,-0.00035,0.91483,0.04712;1.0,0.0
1.0,0.83508,0.08298,0.73739,-0.14706,0.84349,-0.05567,0.90441,-0.04622,0.89391,0.1313,0.81197,0.06723,0.79307,-0.08929,1.0,-0.02101,0.96639,0.06618,0.87605,0.01155,0.77521,0.06618,0.95378,-0.04202,0.83479,0.00123,1.0,0.12815,0.8666,-0.10714,0.90546,-0.04307;1.0,0.0
1.0,0.66667,-0.01366,0.97404,0.06831,0.4959,0.50137,0.75683,-0.00273,0.65164,-0.14071,0.40164,-0.48907,0.39208,0.58743,0.76776,0.31831,0.78552,0.11339,0.47541,-0.44945,1.0,0.00683,0.60656,0.06967,0.68656,0.17088,0.87568,0.07787,0.55328,0.2459,0.13934,0.48087;1.0,0.0
1.0,0.76046,0.01092,0.86335,0.00258,0.85821,0.00384,0.79988,0.02304,0.81504,0.12068,0.83096,0.00744,0.81815,0.00854,0.82777,-0.06974,0.76531,0.03881,0.76979,0.01148,0.75071,0.01232,0.77138,-0.00303,0.70886,0.01375,0.66161,0.00849,0.66298,0.01484,0.63887,0.01525;1.0,0.0
1.0,0.35346,-0.13768,0.69387,-0.02423,0.68195,-0.03574,0.55717,-0.06119,0.61836,-0.10467,0.62099,-0.06527,0.59361,-0.07289,0.42271,-0.26409,0.58213,0.04992,0.49736,-0.08771,0.46241,-0.08989,0.45008,-0.00564,0.39146,-0.09038,0.35588,-0.10306,0.32232,-0.08637,0.28943,-0.083;1.0,0.0
1.0,0.82254,-0.07572,0.80462,0.00231,0.87514,-0.01214,0.86821,-0.07514,0.72832,-0.11734,0.84624,0.05029,0.83121,-0.07399,0.74798,0.06705,0.78324,0.06358,0.86763,-0.0237,0.78844,-0.06012,0.74451,-0.0237,0.76717,-0.02731,0.74046,-0.0763,0.70058,-0.0422,0.78439,0.01214;1.0,0.0
1.0,0.98002,0.00075,1.0,0.0,0.98982,-0.00075,0.94721,0.02394,0.977,0.0213,0.97888,0.03073,0.9917,0.02338,0.93929,0.05713,0.93552,0.05279,0.97738,0.05524,1.0,0.06241,0.94155,0.08107,0.96709,0.07255,0.95701,0.08088,0.9819,0.08126,0.97247,0.08616;1.0,0.0
1.0,0.19466,0.05725,0.04198,0.25191,-0.10557,0.48866,-0.18321,-0.18321,-0.41985,0.06107,-0.4542,0.0916,-0.16412,-0.30534,-0.10305,-0.39695,0.18702,-0.17557,0.34012,-0.11953,0.28626,-0.16031,0.21645,0.24692,0.03913,0.31092,-0.03817,0.26336,-0.16794,0.16794,-0.30153,-0.33588;1.0,0.0
1.0,0.65845,0.43617,0.44681,0.74804,0.05319,0.85106,-0.32027,0.82139,-0.68253,0.52408,-0.84211,0.07111,-0.82811,-0.28723,-0.47032,-0.71725,-0.04759,-0.86002,0.23292,-0.76316,0.56663,-0.52128,0.743,-0.18645,0.74758,0.23713,0.45185,0.59071,0.20549,0.76764,-0.18533,0.74356;1.0,0.0
1.0,0.32789,0.11042,0.1597,0.29308,0.1402,0.74485,-0.25131,0.91993,-0.16503,0.26664,-0.63714,0.24865,-0.9765,-0.00337,-0.23227,-0.19909,-0.30522,-0.48886,-0.14426,-0.89991,0.09345,-0.28916,0.28307,-0.1856,0.39599,-0.11498,0.31005,0.05614,0.21443,0.2054,0.13376,0.26422;1.0,0.0
1.0,0.90147,0.41786,0.64131,0.75725,0.3044,0.95148,-0.20449,0.96534,-0.55483,0.81191,-0.81857,0.50949,-0.96986,0.10345,-0.91456,-0.31412,-0.70163,-0.65461,-0.32354,-0.88999,0.05865,-0.94172,0.44483,-0.82154,0.74105,-0.55231,0.89415,-0.18725,0.87893,0.20359,0.70555,0.54852;1.0,0.0
1.0,0.8842,0.36724,0.67123,0.67382,0.39613,0.86399,0.02424,0.93182,-0.35148,0.83713,-0.60316,0.58842,-0.78658,0.38778,-0.83285,-0.00642,-0.69318,-0.32963,-0.52504,-0.53924,-0.27377,-0.68126,0.00806,-0.69774,0.26028,-0.60678,0.44569,-0.43383,0.54209,-0.21542,0.56286,0.02823;1.0,0.0
1.0,1.0,-0.01342,1.0,0.01566,1.0,-0.00224,1.0,0.06264,0.97763,0.04474,0.95973,0.02908,1.0,0.06488,0.98881,0.03356,1.0,0.03579,0.99776,0.09396,0.95749,0.07383,1.0,0.10067,0.99989,0.08763,0.99105,0.08501,1.0,0.10067,1.0,0.10067;1.0,0.0
1.0,1.0,0.01105,1.0,0.01105,1.0,0.0232,0.99448,-0.01436,0.99448,-0.00221,0.98343,0.0232,1.0,0.00884,0.97569,0.00773,0.97901,0.01657,0.98011,0.00663,0.98122,0.02099,0.97127,-0.00663,0.98033,0.016,0.97901,0.01547,0.98564,0.02099,0.98674,0.02762;1.0,0.0
1.0,0.97513,0.0071,0.98579,0.01954,1.0,0.01954,0.9929,0.01599,0.95737,0.02309,0.97158,0.03552,1.0,0.0373,0.97869,0.02131,0.98579,0.05684,0.97158,0.04796,0.94494,0.05506,0.98401,0.03552,0.9754,0.06477,0.94849,0.08171,0.99112,0.06217,0.98934,0.09947;1.0,0.0
1.0,0.87578,0.03727,0.89951,0.00343,0.8921,0.0051,0.86335,0.0,0.95031,0.07453,0.87021,0.00994,0.86303,0.01151,0.83851,-0.06211,0.85714,0.02484,0.84182,0.01603,0.83486,0.01749,0.79503,-0.04348,0.82111,0.02033,0.81988,0.08696,0.80757,0.02308,0.80088,0.02441;1.0,0.0
1.0,0.74468,0.10638,0.88706,0.00982,0.88542,0.01471,0.87234,-0.01418,0.7305,0.10638,0.87657,0.02912,0.87235,0.03382,0.95745,0.07801,0.95035,0.04255,0.85597,0.04743,0.84931,0.05178,0.87234,0.11348,0.83429,0.06014,0.74468,-0.03546,0.8171,0.068,0.80774,0.07173;1.0,0.0
1.0,0.82624,0.08156,0.79078,-0.08156,0.90426,-0.01773,0.92908,0.01064,0.80142,0.08865,0.94681,-0.00709,0.94326,0.0,0.93262,0.20213,0.95035,-0.00709,0.91489,0.00709,0.80496,0.07092,0.91135,0.15957,0.89527,0.08165,0.7766,0.06738,0.92553,0.18085,0.92553,0.0;1.0,0.0
1.0,0.8811,0.0,0.94817,-0.02744,0.93598,-0.0122,0.90244,0.01829,0.90244,0.01829,0.93902,0.00915,0.95732,0.00305,1.0,0.02744,0.94207,-0.0122,0.90854,0.02439,0.91463,0.05488,0.99695,0.04878,0.89666,0.02226,0.90854,0.00915,1.0,0.05488,0.97561,-0.0122;1.0,0.0
1.0,1.0,0.51515,0.45455,0.33333,0.06061,0.36364,-0.32104,0.73062,-0.45455,0.48485,-0.57576,0.0,-0.57576,-0.12121,-0.33333,-0.48485,-0.09091,-0.84848,0.48485,-0.57576,0.57576,-0.42424,1.0,-0.39394,0.72961,0.12331,0.9697,0.57576,0.24242,0.36364,0.09091,0.33333;1.0,0.0
1.0,0.0,0.0,0.0,0.0,0.0,0.0,-1.0,1.0,0.0,0.0,1.0,0.37333,-0.12,-0.12,0.0,0.0,-1.0,-1.0,0.0,0.0,1.0,-1.0,0.0,0.0,1.0,0.22667,0.0,0.0,0.0,0.0,0.0,0.0;0.0,1.0
1.0,0.0,0.0,0.0,0.0,1.0,1.0,-1.0,-1.0,0.0,0.0,1.0,-0.11111,0.0,0.0,0.0,0.0,-1.0,1.0,1.0,1.0,1.0,-1.0,0.0,0.0,1.0,-1.0,0.0,0.0,0.0,0.0,1.0,1.0;0.0,1.0
0.0,0.0,0.0,0.0,0.0,0.0,0.0,0.0,0.0,0.0,0.0,0.0,0.0,0.0,0.0,0.0,0.0,0.0,0.0,0.0,0.0,0.0,0.0,0.0,0.0,1.0,-1.0,0.0,0.0,0.0,0.0,0.0,0.0;0.0,1.0
1.0,0.0,0.0,0.0,0.0,0.0,0.0,0.0,0.0,0.0,0.0,-1.0,1.0,1.0,0.55172,0.0,0.0,0.0,0.0,0.0,0.0,0.0,0.0,0.0,0.0,1.0,1.0,0.0,0.0,0.0,0.0,0.0,0.0;0.0,1.0
1.0,0.0,0.0,1.0,0.12889,0.88444,-0.02,0.0,0.0,1.0,-0.42444,1.0,0.19556,1.0,-0.05333,1.0,-0.81556,0.0,0.0,1.0,-0.04,1.0,-0.18667,0.0,0.0,1.0,-1.0,0.0,0.0,1.0,0.11778,0.90667,-0.09556;0.0,1.0
1.0,0.42708,-0.5,0.0,0.0,0.0,0.0,0.46458,0.51042,0.58958,0.02083,0.0,0.0,0.0,0.0,0.16458,-0.45417,0.59167,-0.18333,0.0,0.0,0.0,0.0,0.9875,-0.40833,-1.0,-1.0,-0.27917,-0.75625,0.0,0.0,0.0,0.0;0.0,1.0
1.0,0.25316,0.35949,0.0,0.0,-0.2962,-1.0,0.0,0.0,0.07595,-0.07342,0.0,0.0,0.0,0.0,0.0,0.0,0.0,0.0,0.00759,0.68101,-0.2,0.33671,-0.1038,0.35696,0.0557,-1.0,0.0,0.0,0.06329,-1.0,0.0,0.0;0.0,1.0
1.0,0.06404,-0.15271,-0.04433,0.05911,0.08374,-0.02463,-0.01478,0.18719,0.06404,0.0,0.12315,-0.09852,0.05911,0.0,0.0197,-0.02956,-0.12808,-0.2069,0.06897,0.01478,0.06897,0.02956,0.07882,0.16256,0.28079,-0.04926,-0.05911,-0.0936,0.04433,0.05419,0.07389,-0.10837;0.0,1.0
1.0,0.38521,0.15564,0.41245,0.07393,0.26459,0.24125,0.23346,0.1323,0.19455,0.25292,0.24514,0.36965,0.08949,0.22957,-0.03891,0.36965,0.05058,0.24903,0.24903,0.09728,0.07782,0.29961,-0.02494,0.28482,-0.06024,0.26256,-0.14786,0.14786,-0.09339,0.31128,-0.19066,0.28794;0.0,1.0
1.0,0.68729,1.0,0.91973,-0.76087,0.81773,0.04348,0.76087,0.10702,0.86789,0.73746,0.70067,0.18227,0.7592,0.13712,0.93478,-0.25084,0.70736,0.18729,0.64883,0.24582,0.60201,0.77425,1.0,-0.53846,0.89262,0.22216,0.7107,0.53846,1.0,-0.06522,0.56522,0.23913;0.0,1.0
0.0,1.0,1.0,-1.0,-1.0,-1.0,-1.0,0.0,0.0,0.0,0.0,-1.0,-1.0,0.0,0.0,0.0,0.0,0.0,0.0,-1.0,1.0,1.0,1.0,0.0,0.0,1.0,-1.0,0.0,0.0,-1.0,-1.0,-1.0,-1.0;0.0,1.0
0.0,0.0,0.0,0.0,0.0,0.0,0.0,0.0,0.0,0.0,0.0,0.0,0.0,0.0,0.0,0.0,0.0,0.0,0.0,0.0,0.0,0.0,0.0,0.0,0.0,1.0,1.0,0.0,0.0,0.0,0.0,0.0,0.0;0.0,1.0
0.0,1.0,-1.0,1.0,1.0,1.0,1.0,1.0,1.0,1.0,1.0,1.0,-1.0,1.0,1.0,1.0,1.0,1.0,-1.0,1.0,-1.0,1.0,-1.0,1.0,-1.0,1.0,1.0,1.0,-1.0,1.0,1.0,1.0,1.0;0.0,1.0
